75,35
10,241
10,21
10,275
10,71
10,127
10,261
10,129
11,9
11,15
11,19
11,5
11,7
8,15
8,14
8,6
72,4
72,3
72,2
72,1
72,0
20,3
20,2
20,1
19,2
19,1
12,3
19,3
12,2
12,1
11,27
11,26
11,25
11,24
11,16
11,12
11,10
11,6
11,4
11,3
11,2
11,1
10,301
10,298
10,288
10,239
10,208
10,161
10,132
10,120
10,98
10,85
10,70
10,28
10,15
10,3
10,2
18,1
10,1
9,7
9,6
9,5
18,3
9,4
9,3
9,2
9,1
8,18
8,16
8,13
8,11
8,8
8,7
8,5
8,3
8,2
8,1
3,3
3,2
3,1
2,2
2,3
2,1
0,472
0,386
0,278
0,243
13,1
14,1
13,3
14,3
0,9
0,0
75,34
75,33
75,32
75,31
75,30
75,29
75,28
75,27
75,26
75,25
75,24
